ISS [Segment 01]        
1 25544C 98067A   21153.43750692 -.00014500  00000-0 -26299-3 0    15
2 25544  51.6443  55.6868 0003510  52.1891 292.3111 15.48958837    16
ISS [Segment 02]        
1 25544C 98067A   21153.68750692  .00116210  00000-0  21092-2 0    27
2 25544  51.6425  54.4462 0003400  60.2867 239.1952 15.48907485    19
ISS [Segment 03]        
1 25544C 98067A   21153.93750692  .00040414  00000-0  73314-3 0    33
2 25544  51.6442  53.2125 0003436  58.7526 195.6934 15.48939946    17
ISS [Segment 04]        
1 25544C 98067A   21154.18750692  .00062228  00000-0  11295-2 0    48
2 25544  51.6422  51.9769 0003572  56.7684 152.6542 15.48917566    10
ISS [Segment 05]        
1 25544C 98067A   21154.43750692 -.00045886  00000-0 -83219-3 0    56
2 25544  51.6438  50.7411 0003492  56.5523 107.8270 15.48968296    15
ISS [Segment 06]        
1 25544C 98067A   21154.68750692  .00109533  00000-0  19874-2 0    67
2 25544  51.6426  49.5005 0003337  64.6708  54.6896 15.48917117    19
ISS [Segment 07]        
1 25544C 98067A   21154.93975694  .00019543  00000-0  35447-3 0    73
2 25544  51.6439  48.2559 0003402  62.6543  24.2289 15.48949193    19
ISS [Segment 08]        
1 25544C 98067A   21155.18975694  .00044890  00000-0  81467-3 0    88
2 25544  51.6425  47.0200 0003522  60.1969 341.6647 15.48926836    15
ISS [Segment 09]        
1 25544C 98067A   21155.43975694 -.00081192  00000-0 -14724-2 0    96
2 25544  51.6440  45.7841 0003387  58.6626 298.1611 15.48980294    14
ISS [Segment 10]        
1 25544C 98067A   21155.68975694  .00099414  00000-0  18034-2 0   107
2 25544  51.6435  44.5434 0003321  67.5630 244.2456 15.48926497    19
ISS [Segment 11]        
1 25544C 98067A   21155.93975694  .00064974  00000-0  11783-2 0   113
2 25544  51.6443  43.3100 0003427  64.9205 201.8646 15.48943072    19
ISS [Segment 12]        
1 25544C 98067A   21156.18975694  .00060512  00000-0  10979-2 0   122
2 25544  51.6434  42.0742 0003521  62.7296 159.0353 15.48930023    19
ISS [Segment 13]        
1 25544C 98067A   21156.44166667 -.00113709  00000-0 -20620-2 0   137
2 25544  51.6443  40.8282 0003423  62.1621 125.2280 15.48988255    15
ISS [Segment 14]        
1 25544C 98067A   21156.69166667  .00100861  00000-0  18289-2 0   146
2 25544  51.6443  39.5881 0003374  70.8624  71.5130 15.48937327    10
ISS [Segment 15]        
1 25544C 98067A   21156.94166667 -.00007438  00000-0 -13486-3 0   158
2 25544  51.6445  38.3549 0003543  67.4683  29.8880 15.48965713    13
ISS [Segment 16]        
1 25544C 98067A   21157.19166667  .00053309  00000-0  96699-3 0   160
2 25544  51.6436  37.1189 0003584  65.3943 346.9469 15.48938315    15
ISS [Segment 17]        
1 25544C 98067A   21157.44166667 -.00105832  00000-0 -19191-2 0   171
2 25544  51.6438  35.8821 0003459  65.2482 302.0686 15.48987533    13
ISS [Segment 18]        
1 25544C 98067A   21157.69166667  .00059016  00000-0  10700-2 0   186
2 25544  51.6440  34.6427 0003408  73.8362 248.4646 15.48950567    17
ISS [Segment 19]        
1 25544C 98067A   21157.94166667  .00018862  00000-0  34199-3 0   198
2 25544  51.6438  33.4094 0003537  70.5683 206.7190 15.48959438    11
ISS [Segment 20]        
1 25544C 98067A   21158.19166667  .00052011  00000-0  94334-3 0   209
2 25544  51.6433  32.1735 0003577  68.3733 163.8975 15.48941706    12
ISS [Segment 21]        
1 25544C 98067A   21158.44305556 -.00161860  00000-0 -29356-2 0   216
2 25544  51.6429  30.9294 0003464  69.7045 125.2953 15.48996510    10
ISS [Segment 22]        
1 25544C 98067A   21158.69305556  .00078241  00000-0  14184-2 0   225
2 25544  51.6440  29.6904 0003376  78.0113  71.9736 15.48949997    10
ISS [Segment 23]        
1 25544C 98067A   21158.94305556 -.00057910  00000-0 -10499-2 0   231
2 25544  51.6432  28.4569 0003567  73.9531  31.0165 15.48980943    14
ISS [Segment 24]        
1 25544C 98067A   21159.19305556  .00066308  00000-0  12024-2 0   245
2 25544  51.6436  27.2209 0003493  71.9828 347.9749 15.48943839    11
ISS [Segment 25]        
1 25544C 98067A   21159.44305556 -.00091152  00000-0 -16530-2 0   257
2 25544  51.6430  25.9833 0003372  73.1383 301.8059 15.48982467    12
ISS [Segment 26]        
1 25544C 98067A   21159.69305556  .00013284  00000-0  24078-3 0   260
2 25544  51.6444  24.7446 0003327  80.4493 249.4777 15.48971515    13
ISS [Segment 27]        
1 25544C 98067A   21159.94305556 -.00057170  00000-0 -10364-2 0   275
2 25544  51.6434  23.5108 0003534  76.7570 208.1635 15.48981921    15
ISS [Segment 28]        
1 25544C 98067A   21160.19305556  .00075439  00000-0  13677-2 0   281
2 25544  51.6442  22.2749 0003480  74.2969 165.6132 15.48948633    18
ISS [Segment 29]        
1 25544C 98067A   21160.44305556 -.00144212  00000-0 -26153-2 0   291
2 25544  51.6431  21.0366 0003424  75.9729 118.9286 15.48994135    17
ISS [Segment 30]        
1 25544C 98067A   21160.69305556  .00033390  00000-0  60508-3 0   305
2 25544  51.6447  19.7986 0003400  82.8684  67.0209 15.48971692    19
ISS [Segment 31]        
1 25544C 98067A   21160.94305556 -.00108934  00000-0 -19746-2 0   310
2 25544  51.6434  18.5648 0003633  78.6461  26.2377 15.48997721    15
ISS [Segment 32]        
1 25544C 98067A   21161.19305556  .00068841  00000-0  12478-2 0   324
2 25544  51.6442  17.3287 0003534  77.0671 342.8104 15.48955473    19
ISS [Segment 33]        
1 25544C 98067A   21161.44305556 -.00047440  00000-0 -86029-3 0   331
2 25544  51.6424  16.0900 0003475  80.3336 294.5432 15.48971334    17
ISS [Segment 34]        
1 25544C 98067A   21161.69305556 -.00032569  00000-0 -59016-3 0   341
2 25544  51.6442  14.8529 0003406  85.4093 244.4495 15.48990116    12
ISS [Segment 35]        
1 25544C 98067A   21161.94305556 -.00112140  00000-0 -20329-2 0   358
2 25544  51.6425  13.6188 0003608  82.0764 202.7822 15.48996326    13
ISS [Segment 36]        
1 25544C 98067A   21162.19305556  .00081414  00000-0  14756-2 0   361
2 25544  51.6437  12.3829 0003522  80.0576 159.7943 15.48955501    13
ISS [Segment 37]        
1 25544C 98067A   21162.44305556 -.00089759  00000-0 -16278-2 0   373
2 25544  51.6417  11.1438 0003464  84.1031 110.7485 15.48979947    18
ISS [Segment 38]        
1 25544C 98067A   21162.69305556 -.00021681  00000-0 -39287-3 0   387
2 25544  51.6439   9.9071 0003422  89.2837  60.5538 15.48986716    17
ISS [Segment 39]        
1 25544C 98067A   21162.94305556 -.00114987  00000-0 -20845-2 0   397
2 25544  51.6422   8.6726 0003570  85.1085  19.7288 15.48997680    16
ISS [Segment 40]        
1 25544C 98067A   21163.19305556  .00089925  00000-0  16295-2 0   402
2 25544  51.6439   7.4368 0003443  83.8644 335.9674 15.48959224    12
ISS [Segment 41]        
1 25544C 98067A   21163.44305556  .00021006  00000-0  38090-3 0   415
2 25544  51.6420   6.1972 0003416  88.6751 286.1646 15.48956725    10
ISS [Segment 42]        
1 25544C 98067A   21163.69305556 -.00048573  00000-0 -88003-3 0   422
2 25544  51.6443   4.9608 0003365  92.0313 237.7929 15.48998561    13
ISS [Segment 43]        
1 25544C 98067A   21163.94305556 -.00105249  00000-0 -19079-2 0   431
2 25544  51.6427   3.7262 0003579  88.1883 196.6425 15.48996556    19
ISS [Segment 44]        
1 25544C 98067A   21164.19305556  .00077211  00000-0  13988-2 0   448
2 25544  51.6446   2.4904 0003391  86.3382 153.4885 15.48969010    11
ISS [Segment 45]        
1 25544C 98067A   21164.44305556 -.00012305  00000-0 -22310-3 0   452
2 25544  51.6425   1.2503 0003437  90.8515 103.9860 15.48969244    11
ISS [Segment 46]        
1 25544C 98067A   21164.69305556 -.00052345  00000-0 -94832-3 0   466
2 25544  51.6447   0.0147 0003434  93.5861  56.2434 15.49000853    17
ISS [Segment 47]        
1 25544C 98067A   21164.94305556 -.00058112  00000-0 -10534-2 0   479
2 25544  51.6429 358.7799 0003556  90.0651  14.7758 15.48986028    11
ISS [Segment 48]        
1 25544C 98067A   21165.19305556  .00057234  00000-0  10367-2 0   484
2 25544  51.6445 357.5440 0003453  88.7448 331.0918 15.48977318    18
ISS [Segment 49]        
1 25544C 98067A   21165.44305556  .00089922  00000-0  16302-2 0   497
2 25544  51.6422 356.3038 0003536  95.1891 279.6649 15.48945251    18
ISS [Segment 50]        
1 25544C 98067A   21165.69305556 -.00052453  00000-0 -95019-3 0   500
2 25544  51.6444 355.0688 0003464  96.5234 233.3198 15.49003117    18
ISS [Segment 51]        
1 25544C 98067A   21165.94305556 -.00042776  00000-0 -77537-3 0   511
2 25544  51.6422 353.8340 0003586  92.9043 191.9521 15.48982442    13
ISS [Segment 52]        
1 25544C 98067A   21166.19305556  .00038233  00000-0  69249-3 0   522
2 25544  51.6441 352.5982 0003415  92.5357 147.3157 15.48985171    19
ISS [Segment 53]        
1 25544C 98067A   21166.44305556  .00047637  00000-0  86351-3 0   532
2 25544  51.6419 351.3577 0003490  99.0517  95.8158 15.48959617    18
ISS [Segment 54]        
1 25544C 98067A   21166.69305556 -.00032165  00000-0 -58270-3 0   541
2 25544  51.6441 350.1231 0003448  99.8667  49.9970 15.48996397    12
ISS [Segment 55]        
1 25544C 98067A   21166.94305556  .00012998  00000-0  23560-3 0   554
2 25544  51.6422 348.8879 0003475  96.7718   8.1070 15.48968838    13
ISS [Segment 56]        
1 25544C 98067A   21167.19305556  .00021246  00000-0  38475-3 0   560
2 25544  51.6443 347.6521 0003343  95.8785 323.9941 15.48993883    18
ISS [Segment 57]        
1 25544C 98067A   21167.44305556  .00130087  00000-0  23576-2 0   578
2 25544  51.6426 346.4114 0003490 103.0910 271.8044 15.48945071    10
ISS [Segment 58]        
1 25544C 98067A   21167.69305556 -.00007664  00000-0 -13881-3 0   581
2 25544  51.6444 345.1770 0003452 102.7944 227.0990 15.48997371    18
ISS [Segment 59]        
1 25544C 98067A   21167.94305556  .00023719  00000-0  42987-3 0   596
2 25544  51.6428 343.9417 0003478  99.1577 185.7540 15.48971293    19
ISS [Segment 60]        
1 25544C 98067A   21168.19305556 -.00018687  00000-0 -33837-3 0   600
2 25544  51.6447 342.7058 0003282  99.2714 140.6377 15.49008282    13
